2023/03/05-22:55:17.912044 7ff973ee3700 RocksDB version: 5.13.3
2023/03/05-22:55:17.913426 7ff973ee3700 Git sha rocksdb_build_git_sha:
2023/03/05-22:55:17.913431 7ff973ee3700 Compile date Jun 11 2018
2023/03/05-22:55:17.913434 7ff973ee3700 DB SUMMARY
2023/03/05-22:55:17.914735 7ff973ee3700 CURRENT file:  CURRENT
2023/03/05-22:55:17.914742 7ff973ee3700 IDENTITY file:  IDENTITY
2023/03/05-22:55:17.915297 7ff973ee3700 MANIFEST file:  MANIFEST-000011 size: 230 Bytes
2023/03/05-22:55:17.915307 7ff973ee3700 SST files in data/standalone/bookkeeper0/current/locations dir, Total Num: 3, files: 000004.sst 000007.sst 000010.sst 
2023/03/05-22:55:17.915310 7ff973ee3700 Write Ahead Log file in data/standalone/bookkeeper0/current/locations: 000012.log size: 400 ; 
2023/03/05-22:55:17.915313 7ff973ee3700                         Options.error_if_exists: 0
2023/03/05-22:55:17.915314 7ff973ee3700                       Options.create_if_missing: 1
2023/03/05-22:55:17.915315 7ff973ee3700                         Options.paranoid_checks: 1
2023/03/05-22:55:17.915317 7ff973ee3700                                     Options.env: 0x7ff875394f60
2023/03/05-22:55:17.915318 7ff973ee3700                                Options.info_log: 0x7ff96e7f0660
2023/03/05-22:55:17.915319 7ff973ee3700                Options.max_file_opening_threads: 16
2023/03/05-22:55:17.915321 7ff973ee3700                              Options.statistics: (nil)
2023/03/05-22:55:17.915329 7ff973ee3700                               Options.use_fsync: 0
2023/03/05-22:55:17.915331 7ff973ee3700                       Options.max_log_file_size: 0
2023/03/05-22:55:17.915333 7ff973ee3700                  Options.max_manifest_file_size: 18446744073709551615
2023/03/05-22:55:17.915335 7ff973ee3700                   Options.log_file_time_to_roll: 86400
2023/03/05-22:55:17.915337 7ff973ee3700                       Options.keep_log_file_num: 30
2023/03/05-22:55:17.915338 7ff973ee3700                    Options.recycle_log_file_num: 0
2023/03/05-22:55:17.915340 7ff973ee3700                         Options.allow_fallocate: 1
2023/03/05-22:55:17.915341 7ff973ee3700                        Options.allow_mmap_reads: 0
2023/03/05-22:55:17.915342 7ff973ee3700                       Options.allow_mmap_writes: 0
2023/03/05-22:55:17.915344 7ff973ee3700                        Options.use_direct_reads: 0
2023/03/05-22:55:17.915346 7ff973ee3700                        Options.use_direct_io_for_flush_and_compaction: 0
2023/03/05-22:55:17.915347 7ff973ee3700          Options.create_missing_column_families: 0
2023/03/05-22:55:17.915349 7ff973ee3700                              Options.db_log_dir: 
2023/03/05-22:55:17.915352 7ff973ee3700                                 Options.wal_dir: data/standalone/bookkeeper0/current/locations
2023/03/05-22:55:17.915353 7ff973ee3700                Options.table_cache_numshardbits: 6
2023/03/05-22:55:17.915355 7ff973ee3700                      Options.max_subcompactions: 1
2023/03/05-22:55:17.915356 7ff973ee3700                  Options.max_background_flushes: 16
2023/03/05-22:55:17.915357 7ff973ee3700                         Options.WAL_ttl_seconds: 0
2023/03/05-22:55:17.915359 7ff973ee3700                       Options.WAL_size_limit_MB: 0
2023/03/05-22:55:17.915360 7ff973ee3700             Options.manifest_preallocation_size: 4194304
2023/03/05-22:55:17.915361 7ff973ee3700                     Options.is_fd_close_on_exec: 1
2023/03/05-22:55:17.915362 7ff973ee3700                   Options.advise_random_on_open: 1
2023/03/05-22:55:17.915363 7ff973ee3700                    Options.db_write_buffer_size: 0
2023/03/05-22:55:17.915364 7ff973ee3700                    Options.write_buffer_manager: 0x7ff96e7f27c0
2023/03/05-22:55:17.915366 7ff973ee3700         Options.access_hint_on_compaction_start: 1
2023/03/05-22:55:17.915367 7ff973ee3700  Options.new_table_reader_for_compaction_inputs: 0
2023/03/05-22:55:17.915368 7ff973ee3700           Options.random_access_max_buffer_size: 1048576
2023/03/05-22:55:17.915369 7ff973ee3700                      Options.use_adaptive_mutex: 0
2023/03/05-22:55:17.915370 7ff973ee3700                            Options.rate_limiter: (nil)
2023/03/05-22:55:17.916357 7ff973ee3700     Options.sst_file_manager.rate_bytes_per_sec: 0
2023/03/05-22:55:17.916361 7ff973ee3700                       Options.wal_recovery_mode: 2
2023/03/05-22:55:17.916363 7ff973ee3700                  Options.enable_thread_tracking: 0
2023/03/05-22:55:17.916364 7ff973ee3700                  Options.enable_pipelined_write: 0
2023/03/05-22:55:17.916365 7ff973ee3700         Options.allow_concurrent_memtable_write: 1
2023/03/05-22:55:17.916372 7ff973ee3700      Options.enable_write_thread_adaptive_yield: 1
2023/03/05-22:55:17.916373 7ff973ee3700             Options.write_thread_max_yield_usec: 100
2023/03/05-22:55:17.916374 7ff973ee3700            Options.write_thread_slow_yield_usec: 3
2023/03/05-22:55:17.916376 7ff973ee3700                               Options.row_cache: None
2023/03/05-22:55:17.916377 7ff973ee3700                              Options.wal_filter: None
2023/03/05-22:55:17.916378 7ff973ee3700             Options.avoid_flush_during_recovery: 0
2023/03/05-22:55:17.916379 7ff973ee3700             Options.allow_ingest_behind: 0
2023/03/05-22:55:17.916380 7ff973ee3700             Options.preserve_deletes: 0
2023/03/05-22:55:17.916381 7ff973ee3700             Options.two_write_queues: 0
2023/03/05-22:55:17.916383 7ff973ee3700             Options.manual_wal_flush: 0
2023/03/05-22:55:17.916384 7ff973ee3700             Options.max_background_jobs: 32
2023/03/05-22:55:17.916385 7ff973ee3700             Options.max_background_compactions: 16
2023/03/05-22:55:17.916386 7ff973ee3700             Options.avoid_flush_during_shutdown: 0
2023/03/05-22:55:17.916387 7ff973ee3700           Options.writable_file_max_buffer_size: 1048576
2023/03/05-22:55:17.916388 7ff973ee3700             Options.delayed_write_rate : 16777216
2023/03/05-22:55:17.916390 7ff973ee3700             Options.max_total_wal_size: 536870912
2023/03/05-22:55:17.916391 7ff973ee3700             Options.delete_obsolete_files_period_micros: 3600000000
2023/03/05-22:55:17.916392 7ff973ee3700                   Options.stats_dump_period_sec: 600
2023/03/05-22:55:17.916393 7ff973ee3700                          Options.max_open_files: -1
2023/03/05-22:55:17.916395 7ff973ee3700                          Options.bytes_per_sync: 0
2023/03/05-22:55:17.916396 7ff973ee3700                      Options.wal_bytes_per_sync: 0
2023/03/05-22:55:17.916397 7ff973ee3700       Options.compaction_readahead_size: 0
2023/03/05-22:55:17.916398 7ff973ee3700 Compression algorithms supported:
2023/03/05-22:55:17.916400 7ff973ee3700 	kZSTDNotFinalCompression supported: 1
2023/03/05-22:55:17.916401 7ff973ee3700 	kZSTD supported: 1
2023/03/05-22:55:17.916403 7ff973ee3700 	kXpressCompression supported: 0
2023/03/05-22:55:17.916404 7ff973ee3700 	kLZ4HCCompression supported: 1
2023/03/05-22:55:17.916405 7ff973ee3700 	kLZ4Compression supported: 1
2023/03/05-22:55:17.916406 7ff973ee3700 	kBZip2Compression supported: 1
2023/03/05-22:55:17.916408 7ff973ee3700 	kZlibCompression supported: 1
2023/03/05-22:55:17.916409 7ff973ee3700 	kSnappyCompression supported: 1
2023/03/05-22:55:17.916412 7ff973ee3700 Fast CRC32 supported: Not supported on x86
2023/03/05-22:55:17.922217 7ff973ee3700 [db/version_set.cc:3050] Recovering from manifest file: MANIFEST-000011
2023/03/05-22:55:17.922746 7ff973ee3700 [db/column_family.cc:433] --------------- Options for column family [default]:
2023/03/05-22:55:17.922778 7ff973ee3700               Options.comparator: leveldb.BytewiseComparator
2023/03/05-22:55:17.922780 7ff973ee3700           Options.merge_operator: None
2023/03/05-22:55:17.922781 7ff973ee3700        Options.compaction_filter: None
2023/03/05-22:55:17.922782 7ff973ee3700        Options.compaction_filter_factory: None
2023/03/05-22:55:17.922783 7ff973ee3700         Options.memtable_factory: SkipListFactory
2023/03/05-22:55:17.922785 7ff973ee3700            Options.table_factory: BlockBasedTable
2023/03/05-22:55:17.922816 7ff973ee3700            table_factory options:   flush_block_policy_factory: FlushBlockBySizePolicyFactory (0x7ff96e7f3770)
  cache_index_and_filter_blocks: 1
  cache_index_and_filter_blocks_with_high_priority: 0
  pin_l0_filter_and_index_blocks_in_cache: 0
  index_type: 0
  hash_index_allow_collision: 1
  checksum: 2
  no_block_cache: 0
  block_cache: 0x7ff96e8205f0
  block_cache_name: LRUCache
  block_cache_options:
    capacity : 107374182
    num_shard_bits : 6
    strict_capacity_limit : 0
    high_pri_pool_ratio: 0.000
  block_cache_compressed: (nil)
  persistent_cache: (nil)
  block_size: 4096
  block_size_deviation: 10
  block_restart_interval: 16
  index_block_restart_interval: 1
  metadata_block_size: 4096
  partition_filters: 0
  use_delta_encoding: 1
  filter_policy: rocksdb.BuiltinBloomFilter
  whole_key_filtering: 1
  verify_compression: 0
  read_amp_bytes_per_bit: 0
  format_version: 2
  enable_index_compression: 1
2023/03/05-22:55:17.923634 7ff973ee3700        Options.write_buffer_size: 4194304
2023/03/05-22:55:17.923638 7ff973ee3700  Options.max_write_buffer_number: 4
2023/03/05-22:55:17.923640 7ff973ee3700          Options.compression: LZ4
2023/03/05-22:55:17.923642 7ff973ee3700                  Options.bottommost_compression: Disabled
2023/03/05-22:55:17.923643 7ff973ee3700       Options.prefix_extractor: nullptr
2023/03/05-22:55:17.923644 7ff973ee3700   Options.memtable_insert_with_hint_prefix_extractor: nullptr
2023/03/05-22:55:17.923645 7ff973ee3700             Options.num_levels: 7
2023/03/05-22:55:17.923646 7ff973ee3700        Options.min_write_buffer_number_to_merge: 1
2023/03/05-22:55:17.923647 7ff973ee3700     Options.max_write_buffer_number_to_maintain: 0
2023/03/05-22:55:17.923648 7ff973ee3700            Options.compression_opts.window_bits: -14
2023/03/05-22:55:17.923649 7ff973ee3700                  Options.compression_opts.level: 32767
2023/03/05-22:55:17.923650 7ff973ee3700               Options.compression_opts.strategy: 0
2023/03/05-22:55:17.923651 7ff973ee3700         Options.compression_opts.max_dict_bytes: 0
2023/03/05-22:55:17.923652 7ff973ee3700      Options.level0_file_num_compaction_trigger: 4
2023/03/05-22:55:17.923653 7ff973ee3700          Options.level0_slowdown_writes_trigger: 20
2023/03/05-22:55:17.923655 7ff973ee3700              Options.level0_stop_writes_trigger: 36
2023/03/05-22:55:17.923693 7ff973ee3700                   Options.target_file_size_base: 4194304
2023/03/05-22:55:17.923696 7ff973ee3700             Options.target_file_size_multiplier: 1
2023/03/05-22:55:17.923698 7ff973ee3700                Options.max_bytes_for_level_base: 268435456
2023/03/05-22:55:17.923700 7ff973ee3700 Options.level_compaction_dynamic_level_bytes: 1
2023/03/05-22:55:17.923703 7ff973ee3700          Options.max_bytes_for_level_multiplier: 10.000000
2023/03/05-22:55:17.923704 7ff973ee3700 Options.max_bytes_for_level_multiplier_addtl[0]: 1
2023/03/05-22:55:17.923710 7ff973ee3700 Options.max_bytes_for_level_multiplier_addtl[1]: 1
2023/03/05-22:55:17.923712 7ff973ee3700 Options.max_bytes_for_level_multiplier_addtl[2]: 1
2023/03/05-22:55:17.923713 7ff973ee3700 Options.max_bytes_for_level_multiplier_addtl[3]: 1
2023/03/05-22:55:17.923714 7ff973ee3700 Options.max_bytes_for_level_multiplier_addtl[4]: 1
2023/03/05-22:55:17.923715 7ff973ee3700 Options.max_bytes_for_level_multiplier_addtl[5]: 1
2023/03/05-22:55:17.923716 7ff973ee3700 Options.max_bytes_for_level_multiplier_addtl[6]: 1
2023/03/05-22:55:17.923717 7ff973ee3700       Options.max_sequential_skip_in_iterations: 8
2023/03/05-22:55:17.923718 7ff973ee3700                    Options.max_compaction_bytes: 104857600
2023/03/05-22:55:17.923719 7ff973ee3700                        Options.arena_block_size: 524288
2023/03/05-22:55:17.923720 7ff973ee3700   Options.soft_pending_compaction_bytes_limit: 68719476736
2023/03/05-22:55:17.923721 7ff973ee3700   Options.hard_pending_compaction_bytes_limit: 274877906944
2023/03/05-22:55:17.923722 7ff973ee3700       Options.rate_limit_delay_max_milliseconds: 100
2023/03/05-22:55:17.923723 7ff973ee3700                Options.disable_auto_compactions: 0
2023/03/05-22:55:17.923724 7ff973ee3700                        Options.compaction_style: kCompactionStyleLevel
2023/03/05-22:55:17.924544 7ff973ee3700                          Options.compaction_pri: kByCompensatedSize
2023/03/05-22:55:17.924548 7ff973ee3700 Options.compaction_options_universal.size_ratio: 1
2023/03/05-22:55:17.924549 7ff973ee3700 Options.compaction_options_universal.min_merge_width: 2
2023/03/05-22:55:17.924550 7ff973ee3700 Options.compaction_options_universal.max_merge_width: 4294967295
2023/03/05-22:55:17.924551 7ff973ee3700 Options.compaction_options_universal.max_size_amplification_percent: 200
2023/03/05-22:55:17.924552 7ff973ee3700 Options.compaction_options_universal.compression_size_percent: -1
2023/03/05-22:55:17.924554 7ff973ee3700 Options.compaction_options_universal.stop_style: kCompactionStopStyleTotalSize
2023/03/05-22:55:17.924556 7ff973ee3700 Options.compaction_options_fifo.max_table_files_size: 1073741824
2023/03/05-22:55:17.924557 7ff973ee3700 Options.compaction_options_fifo.allow_compaction: 0
2023/03/05-22:55:17.924559 7ff973ee3700 Options.compaction_options_fifo.ttl: 0
2023/03/05-22:55:17.924560 7ff973ee3700                   Options.table_properties_collectors: 
2023/03/05-22:55:17.924562 7ff973ee3700                   Options.inplace_update_support: 0
2023/03/05-22:55:17.924564 7ff973ee3700                 Options.inplace_update_num_locks: 10000
2023/03/05-22:55:17.924566 7ff973ee3700               Options.memtable_prefix_bloom_size_ratio: 0.000000
2023/03/05-22:55:17.924568 7ff973ee3700   Options.memtable_huge_page_size: 0
2023/03/05-22:55:17.924569 7ff973ee3700                           Options.bloom_locality: 0
2023/03/05-22:55:17.924571 7ff973ee3700                    Options.max_successive_merges: 0
2023/03/05-22:55:17.924572 7ff973ee3700                Options.optimize_filters_for_hits: 0
2023/03/05-22:55:17.924574 7ff973ee3700                Options.paranoid_file_checks: 0
2023/03/05-22:55:17.924576 7ff973ee3700                Options.force_consistency_checks: 0
2023/03/05-22:55:17.924577 7ff973ee3700                Options.report_bg_io_stats: 0
2023/03/05-22:55:17.928422 7ff973ee3700 [db/version_set.cc:3316] Recovered from manifest file:data/standalone/bookkeeper0/current/locations/MANIFEST-000011 succeeded,manifest_file_number is 11, next_file_number is 13, last_sequence is 30, log_number is 0,prev_log_number is 0,max_column_family is 0
2023/03/05-22:55:17.928430 7ff973ee3700 [db/version_set.cc:3324] Column family [default] (ID 0), log number is 10
2023/03/05-22:55:17.928593 7ff973ee3700 EVENT_LOG_v1 {"time_micros": 1678056917928588, "job": 1, "event": "recovery_started", "log_files": [12]}
2023/03/05-22:55:17.928598 7ff973ee3700 [db/db_impl_open.cc:541] Recovering log #12 mode 2
2023/03/05-22:55:17.933602 7ff973ee3700 EVENT_LOG_v1 {"time_micros": 1678056917933582, "cf_name": "default", "job": 1, "event": "table_file_creation", "file_number": 13, "file_size": 1281, "table_properties": {"data_size": 181, "index_size": 28, "filter_size": 69, "raw_key_size": 288, "raw_average_key_size": 24, "raw_value_size": 96, "raw_average_value_size": 8, "num_data_blocks": 1, "num_entries": 12, "filter_policy_name": "rocksdb.BuiltinBloomFilter", "kDeletedKeys": "0", "kMergeOperands": "0"}}
2023/03/05-22:55:17.934106 7ff973ee3700 [db/version_set.cc:2825] Creating manifest 14
2023/03/05-22:55:17.940951 7ff973ee3700 EVENT_LOG_v1 {"time_micros": 1678056917940947, "job": 1, "event": "recovery_finished"}
2023/03/05-22:55:17.958559 7ff973ee3700 [db/db_impl_open.cc:1188] DB pointer 0x7ff96e81f100
2023/03/05-22:55:17.958711 7ff86c2af700 [WARN] [db/db_impl.cc:488] ------- DUMPING STATS -------
2023/03/05-22:55:17.959669 7ff86c2af700 [WARN] [db/db_impl.cc:489] 
** DB Stats **
Uptime(secs): 0.0 total, 0.0 interval
Cumulative writes: 0 writes, 0 keys, 0 commit groups, 0.0 writes per commit group, ingest: 0.00 GB, 0.00 MB/s
Cumulative WAL: 0 writes, 0 syncs, 0.00 writes per sync, written: 0.00 GB, 0.00 MB/s
Cumulative stall: 00:00:0.000 H:M:S, 0.0 percent
Interval writes: 0 writes, 0 keys, 0 commit groups, 0.0 writes per commit group, ingest: 0.00 MB, 0.00 MB/s
Interval WAL: 0 writes, 0 syncs, 0.00 writes per sync, written: 0.00 MB, 0.00 MB/s
Interval stall: 00:00:0.000 H:M:S, 0.0 percent

** Compaction Stats [default] **
Level    Files   Size     Score Read(GB)  Rn(GB) Rnp1(GB) Write(GB) Wnew(GB) Moved(GB) W-Amp Rd(MB/s) Wr(MB/s) Comp(sec) Comp(cnt) Avg(sec) KeyIn KeyDrop
----------------------------------------------------------------------------------------------------------------------------------------------------------
  L0      4/0    4.86 KB   1.0      0.0     0.0      0.0       0.0      0.0       0.0   1.0      0.0      0.3         0         1    0.005       0      0
 Sum      4/0    4.86 KB   0.0      0.0     0.0      0.0       0.0      0.0       0.0   1.0      0.0      0.3         0         1    0.005       0      0
 Int      0/0    0.00 KB   0.0      0.0     0.0      0.0       0.0      0.0       0.0   1.0      0.0      0.3         0         1    0.005       0      0
Uptime(secs): 0.0 total, 0.0 interval
Flush(GB): cumulative 0.000, interval 0.000
AddFile(GB): cumulative 0.000, interval 0.000
AddFile(Total Files): cumulative 0, interval 0
AddFile(L0 Files): cumulative 0, interval 0
AddFile(Keys): cumulative 0, interval 0
Cumulative compaction: 0.00 GB write, 0.03 MB/s write, 0.00 GB read, 0.00 MB/s read, 0.0 seconds
Interval compaction: 0.00 GB write, 0.03 MB/s write, 0.00 GB read, 0.00 MB/s read, 0.0 seconds
Stalls(count): 0 level0_slowdown, 0 level0_slowdown_with_compaction, 0 level0_numfiles, 0 level0_numfiles_with_compaction, 0 stop for pending_compaction_bytes, 0 slowdown for pending_compaction_bytes, 0 memtable_compaction, 0 memtable_slowdown, interval 0 total count

** File Read Latency Histogram By Level [default] **

** Compaction Stats [default] **
Level    Files   Size     Score Read(GB)  Rn(GB) Rnp1(GB) Write(GB) Wnew(GB) Moved(GB) W-Amp Rd(MB/s) Wr(MB/s) Comp(sec) Comp(cnt) Avg(sec) KeyIn KeyDrop
----------------------------------------------------------------------------------------------------------------------------------------------------------
  L0      4/0    4.86 KB   1.0      0.0     0.0      0.0       0.0      0.0       0.0   1.0      0.0      0.3         0         1    0.005       0      0
 Sum      4/0    4.86 KB   0.0      0.0     0.0      0.0       0.0      0.0       0.0   1.0      0.0      0.3         0         1    0.005       0      0
 Int      0/0    0.00 KB   0.0      0.0     0.0      0.0       0.0      0.0       0.0   0.0      0.0      0.0         0         0    0.000       0      0
Uptime(secs): 0.0 total, 0.0 interval
Flush(GB): cumulative 0.000, interval 0.000
AddFile(GB): cumulative 0.000, interval 0.000
AddFile(Total Files): cumulative 0, interval 0
AddFile(L0 Files): cumulative 0, interval 0
AddFile(Keys): cumulative 0, interval 0
Cumulative compaction: 0.00 GB write, 0.03 MB/s write, 0.00 GB read, 0.00 MB/s read, 0.0 seconds
Interval compaction: 0.00 GB write, 0.00 MB/s write, 0.00 GB read, 0.00 MB/s read, 0.0 seconds
Stalls(count): 0 level0_slowdown, 0 level0_slowdown_with_compaction, 0 level0_numfiles, 0 level0_numfiles_with_compaction, 0 stop for pending_compaction_bytes, 0 slowdown for pending_compaction_bytes, 0 memtable_compaction, 0 memtable_slowdown, interval 0 total count

** File Read Latency Histogram By Level [default] **
2023/03/05-22:55:17.959696 7ff86c2af700 [db/compaction_job.cc:1484] [default] [JOB 3] Compacting 2@0 files to L6, score 1.00
2023/03/05-22:55:17.959700 7ff86c2af700 [db/compaction_job.cc:1488] [default] Compaction start summary: Base version 2 Base level 0, inputs: [13(1281B) 10(1228B)]
2023/03/05-22:55:17.959716 7ff86c2af700 EVENT_LOG_v1 {"time_micros": 1678056917959709, "job": 3, "event": "compaction_started", "files_L0": [13, 10], "score": 1, "input_data_size": 2509}
2023/03/05-22:55:17.967354 7ff86c2af700 [db/compaction_job.cc:1162] [default] [JOB 3] Generated table #18: 18 keys, 1293 bytes
2023/03/05-22:55:17.967388 7ff86c2af700 EVENT_LOG_v1 {"time_micros": 1678056917967371, "cf_name": "default", "job": 3, "event": "table_file_creation", "file_number": 18, "file_size": 1293, "table_properties": {"data_size": 192, "index_size": 28, "filter_size": 69, "raw_key_size": 432, "raw_average_key_size": 24, "raw_value_size": 144, "raw_average_value_size": 8, "num_data_blocks": 1, "num_entries": 18, "filter_policy_name": "rocksdb.BuiltinBloomFilter", "kDeletedKeys": "0", "kMergeOperands": "0"}}
2023/03/05-22:55:17.968331 7ff86c2af700 [db/compaction_job.cc:1236] [default] [JOB 3] Compacted 2@0 files to L6 => 1293 bytes
2023/03/05-22:55:17.968365 7ff86c2af700 [WARN] [db/version_set.cc:2466] More existing levels in DB than needed. max_bytes_for_level_multiplier may not be guaranteed.
2023/03/05-22:55:17.969289 7ff86c2af700 (Original Log Time 2023/03/05-22:55:17.969255) [db/compaction_job.cc:640] [default] compacted to: base level 6 max bytes base 268435456 files[2 0 0 0 0 0 1] max score 0.50, MB/sec: 0.4 rd, 0.2 wr, level 6, files in(2, 0) out(1) MB in(0.0, 0.0) out(0.0), read-write-amplify(1.5) write-amplify(0.5) OK, records in: 21, records dropped: 3 output_compression: LZ4
2023/03/05-22:55:17.969292 7ff86c2af700 (Original Log Time 2023/03/05-22:55:17.969271) EVENT_LOG_v1 {"time_micros": 1678056917969264, "job": 3, "event": "compaction_finished", "compaction_time_micros": 6883, "output_level": 6, "num_output_files": 1, "total_output_size": 1293, "num_input_records": 21, "num_output_records": 18, "num_subcompactions": 1, "output_compression": "LZ4", "num_single_delete_mismatches": 0, "num_single_delete_fallthrough": 0, "lsm_state": [2, 0, 0, 0, 0, 0, 1]}
2023/03/05-22:55:17.969970 7ff86c2af700 EVENT_LOG_v1 {"time_micros": 1678056917969966, "job": 3, "event": "table_file_deletion", "file_number": 13}
2023/03/05-22:55:17.970846 7ff86c2af700 EVENT_LOG_v1 {"time_micros": 1678056917970840, "job": 3, "event": "table_file_deletion", "file_number": 10}
2023/03/05-22:55:40.545860 7ff850067700 [db/db_impl.cc:252] Shutdown: canceling all background work
2023/03/05-22:55:40.550536 7ff850067700 [db/db_impl.cc:395] Shutdown complete
